RADIATEUR;U1;1;205;Au fond à gauche;Température
30;1
-9.4291196947122
38.888367670071
-2.0982665811192
18.3069724442
12.704385119818
32.499522456201
-0.29416588614423
47.875333809236
-4.0293987626347
29.524950645643
14.347092352969
38.022980367776
-6.9380768560516
48.596851778495
4.7371362870266
45.028184948037
35.208588179764
-6.0410085581434
4.5894304172087
13.444379290307
13.699987998093
24.540918830103
-9.4456780606162
41.645951034336
27.968379705198
7.6675401058363
-3.8058523991172
22.588606976247
23.807115533299
18.241702089199
LAMPE;4A;-1;Parking;Au plafond;Consommation éclairage
14;5
923.44695186403
2731.279497841
2756.3057051768
318.4879097708
1768.8789040637
1560.9866304141
2707.7212676908
2695.3298503977
2054.8075302759
1516.8351873368
2788.9703548462
1690.1109538461
1810.1667425643
1005.5080973569
2815.2441609722
2085.6727473837
350.67178325293
349.42807785674
830.93394331212
2597.5078449573
2917.6221834112
1506.4010436211
1047.2031273168
283.1005776688
1037.4181885447
1591.3380033296
1275.9781038742
2268.5503276384
1880.0329914689
230.08437232584
1771.4742989146
2696.957818557
1134.0983496672
773.39123784257
1293.9849590389
2956.5290598928
399.44673581023
917.6474823233
943.57552795837
2986.4277429816
509.87409544637
559.40143836634
778.83948049454
1842.9506206154
707.99307697825
29.209919753117
834.80811623615
1565.1184714237
2950.5045222819
631.63758517785
750.61143643717
1658.7681792019
2419.813305335
2346.381266297
618.69072291008
1288.1002483368
1876.9951550649
1103.4689462294
2228.2828754877
152.91355324579
944.65456108779
2174.8552486183
1821.2357120687
8.434716150367
1003.1024282813
626.06216809995
921.90615689471
915.21602492557
1818.6592253943
2269.5073537852
ATMO;10.0;20.0;Pression atmosphérique
1;144
1074.3958074946
1028.0578943566
1036.4660565911
1035.4427807198
1039.7023119683
1004.1576554087
1078.309375317
1057.4782001588
1069.5157827667
1080.9803652023
1070.8877976848
1013.3308816298
1092.9186526187
1078.663201853
1010.7733492324
1059.3164043777
1048.7255219597
1027.9906690717
1017.5000565208
1052.0401888304
1036.6442579481
1020.6037228092
1043.8315311651
1035.2882395197
1067.1619382534
1058.6149410618
1000.0247836113
1041.4933470737
1037.5846037816
1004.4306236806
1076.3821236214
1087.3647705593
1020.3019585555
1062.0132830748
1019.4089740139
1051.6416157836
1017.9766360754
1026.907300496
1052.2893843019
1079.4957242811
1036.4887787199
1075.9844193589
1092.140878128
1049.1058390351
1031.5651709361
1081.2433755404
1049.1681734795
1067.5694551168
1049.0777363298
1058.1340442217
1025.8989988481
1007.7349262348
1091.2550365046
1022.9246785505
1032.915572884
1055.3373569415
1000.6572430491
1034.9099556612
1014.9193146801
1088.3496796658
1012.1819752325
1037.0507851416
1094.0144324182
1002.5492171769
1082.2667329024
1036.0230474901
1004.2483926771
1029.7653367416
1036.8519779466
1081.2923011283
1009.717805269
1083.5266584454
1038.8187047741
1090.3032396875
1031.6750248576
1074.686652643
1046.0448865527
1058.0851881104
1066.6859839422
1026.6157491257
1046.3715638716
1021.1180866329
1093.8267519203
1064.0237088148
1091.3740966429
1046.7953252358
1082.5846334838
1023.0865710057
1043.5127596573
1006.7298414217
1007.0356725748
1082.7238099103
1044.3978109138
1024.1694853754
1024.9123260495
1014.2046301226
1082.545449856
1014.7583938738
1071.0713158227
1020.3033436184
1018.5296239883
1095.8571187667
1057.85364353
1014.3919070784
1082.2869379457
1074.6824602479
1085.3307148373
1088.8480559871
1098.8175211469
1055.5487437898
1074.0296062427
1031.3445200358
1055.4380709564
1000.9678429463
1032.1769947802
1058.0782371378
1060.7647021118
1066.4230179351
1030.6473039699
1008.9945323807
1004.3506531065
1074.4139454208
1027.6813265065
1063.3920513389
1069.0397050553
1071.0410588752
1055.6149908135
1023.1259175218
1040.9890302648
1001.2353353674
1088.2293392849
1001.4527627739
1009.6602960535
1089.8226929315
1094.7484760055
1008.2587351595
1002.9941066182
1068.0897313953
1021.4658998984
1040.6881853662
1033.1486677905
1042.5127642427
1091.6025531905
1096.0325598698